40.02999108620767 4.06127913511745
39.64574895123091 4.611415966205837
38.97030004340002 5.305530684828665
38.039691241199186 5.984673284302636
37.43731740127759 6.729953406411263
37.33315822147479 7.023933746403235
37.03830978497057 7.367813651166591
35.996094297418374 7.891298758949307
35.62577187091789 8.488042526533208
35.223061174192516 9.002071011391918
34.472216973360894 9.649970115637215
34.290972093799176 9.980355610377483
34.43297386573247 10.490797680482412
34.07961621012779 10.77867892530617
33.52726771719332 10.871485113072074
32.948386978075085 10.782598532273779
32.90275961565319 10.76883937132615
32.89093711132004 10.814100068834257
32.063300019283986 11.087389578834875
31.68655869559012 11.366126374851932
31.450566167152378 11.747330925871424
30.95678958523026 11.676175893044825
30.618637754216735 11.48229242015998
30.491161161942365 11.765179756925294
30.377288107390747 11.993305576539866
30.132224620958663 12.06556779194607
30.194898004912893 12.302729671844293
29.78859832036046 12.450183027649496
29.59499715838022 12.619343083862313
29.765627903013637 12.957971383101778
29.6378566803905 13.13077676907525
29.360180969988576 12.914684458183686
28.332757542038706 12.619131262581842
27.557738173443013 12.60207616048714
26.984634583769047 12.394583443142128
26.463838064762985 12.358268989244534
25.83108839988158 12.42473771506724
25.699940045190623 12.461251280210536
25.202377647965672 12.171644901515888
24.868621310194317 11.878918848807405
24.524462256787256 11.936770437600138
24.912068575350403 11.80286396883563
24.92978917854202 11.736673888403725
24.76988020861547 11.557239337418723
24.89982425917304 11.674565313324111
24.596312564911585 11.505907422397664
24.3502442484357 11.294360273323722
24.60396202688956 11.25042085703842
24.287026398301965 11.352260309462473
23.969937995744296 11.46279244297685
23.941220892674053 11.507819446104257
24.069909530389737 11.327097966346951
23.544041578651495 11.111026717087674
23.18374915529994 11.435058676677851
22.992163035514494 11.372164496108732
22.869896520917592 11.311152151025455
22.600871883790525 11.241974639827204
22.031707411170444 10.861762467201704
21.59532831489293 10.889728473899751
21.23395353073909 10.871496659986958
21.11157094854367 10.648500595449686
21.205087712654986 10.542484011340266
21.05615577490892 10.661697559006672
20.89937804275064 10.697967185043208
20.857228353755268 10.73608971405095
20.806489573034487 10.811440646311391
21.105131294903916 10.7722330614552
21.11934286447614 10.6604828351307
21.07519253797994 10.634027156592396
20.868417986662358 10.589141745528867
20.69322504981871 10.661838600737523
20.508679133968 10.676214349127493
20.453361449930334 10.765820854275278
20.085001334735157 10.648619070600974
20.08665031168392 10.626793780813372
19.82496769965472 10.63160714885534
19.915648852288786 10.60493168825673
19.927070980690253 10.51283931436684
19.836613700687497 10.548372077201938
19.801147208485887 10.566599036508368
19.4631663027847 10.394040819718203
19.40722189534735 10.283787464063877
18.783894381325698 10.115427890244796
18.54931467792199 10.13994505820704
18.41915065320397 10.256551602768944
18.506368961897063 10.113681252161477
18.332389600757587 9.97643697865685
18.018069540914396 10.126000218153223
18.181057141476707 10.16574091439768
18.103973046310326 10.04511230799678
17.7567980664474 9.919701335250716
17.204503554049822 9.860905434338694
16.429391043084802 9.634373200857535
15.878723734061946 9.374403287901579
14.999470206768772 9.481233268537004
15.128233667985238 9.048561857735644
14.930835703085044 8.925552102771528
14.960671895143957 8.94754884431945
15.00266865880526 8.93860838396743
14.750044063720265 8.715471277213409
14.699257647541245 8.62257389547497
14.45869983823741 8.278256147418777
14.16221196308711 8.154694865165279
13.643230974084656 8.13479853243521
13.638016746823919 8.01217851796323
13.342882507458274 8.058524668014122
13.008027581472339 8.153450028988543
13.184772308179218 8.277457400005174
12.99547791637071 8.265159869304876
12.724073972515349 7.964176285313778
12.622198269820784 8.058014984617854
12.321494835866229 7.879006645692883
12.212251291143431 7.723279236036586
12.155244274314065 7.863958982565581
12.255542289191581 7.96510525691166
12.160991841589112 8.102374305617175
12.233318088020672 8.039314382882608
12.073963985280395 8.205124462299304
12.052362280387715 8.042547727314988
12.163018363043086 8.198103451684638
12.28219599161681 8.055910230431065
12.00767905329095 8.022219521658712
11.613527770326176 7.8367396436708034
11.462612056030279 7.673614601673247
11.6617713030784 7.718178163892738
11.73102474663468 7.792206612644423
11.764385607714232 7.760296525371473
11.966961293967746 7.582247457153211
11.857267074433807 7.732314538777907
11.864492132133273 7.7308204586694815
11.813559794972848 7.830282418721898
11.875767502049875 7.748140820980213
12.019459476154843 7.9492138885356445
12.128235960353184 7.857760602222939
12.107916492507798 7.697892372330259
12.062399575274672 7.874007330170297
12.004497402179455 7.828196377118519
11.630099924527267 7.72415661045917
11.690348782110481 7.668503483638997
11.703490774993124 7.4996480586301395
11.492469730766011 7.148161661782583
10.848633748202154 6.945436302572061
10.423932889446855 6.875001193171913
10.17068325904959 6.988437431001409
10.00794625563612 6.791507702146838
9.960394664642884 6.75480798898995
9.695266308129254 6.7275532106611555
9.944624854249735 6.959535490581486
10.026319650915772 6.938969470890346
9.865913658503255 7.152122290758408
9.778732198581617 7.29024796001459
10.031089690973012 7.4042942895059145
9.98668227647113 7.491032527044205
9.927620656499295 7.4083582905956
9.707043540798022 7.315045217649366
9.470184988368347 7.26381416111488
8.972273696247049 7.123084327671805
9.043765565733077 7.151048441182763
9.039555913539301 7.05404574713815
9.040461860749078 6.882381891663528
9.026766052588115 6.943386015912326
9.152953593754182 7.051502624397155
9.297216111410322 7.267652709751343
9.59247313370766 7.350148073329538
9.526711559058949 7.324465957158824
9.474414557702806 7.0599040124856405
8.931409345200853 6.798764742601197
8.568777453129844 6.820523560523198
8.784519922161316 6.78129754392824
8.692997291425138 6.691331451979661
8.795103496491981 6.697797693083394
8.760390600457372 6.675787702111057
8.554161808032383 6.443376619607644
8.326097279871275 6.153036299631613
8.147043006098176 5.966341826569095
7.993863096445508 5.799284855417844
8.05745417801113 5.5606690223643644
7.853645912684021 5.519179551362572
7.534212409928146 5.3816154602269455
7.3676372920184505 5.2394566271750485
7.054991803609919 5.158818969195953
6.745778871931568 5.154357931984132
6.6418688784693805 5.1884302525771435
6.687325836788498 5.3502387922275565
7.0267507790248835 5.462444300804566
7.194289833027534 5.635893761350433
7.242093755389851 5.8898661800718255
7.4409111626849835 6.134871721982069
7.451725286959332 6.153079221784595
7.329320271057432 6.152879506587273
7.350613067825302 5.995468004269724
7.221371104894618 6.047351257223531
7.463834994291865 5.775758304089156
7.316502380698093 5.825106486067906
7.035067708016449 5.927162465406241
6.952799307874443 5.730290641449182
7.138401351695802 5.780707328549714
7.126947860485197 5.843389775274339
7.342785239756486 5.812102454443593
7.321460914537295 5.883952288472636
7.162035165875966 5.639467801328399
7.09001761727717 5.3978016770033115
7.020109248738354 5.318969859929871
6.743679393177895 5.094921911895734
6.885904618890424 5.271181902268295
6.745452360642172 5.314720882636125
6.718682551568036 5.184826591410302
6.679605383336777 5.027747355400258
6.79743670644247 5.057632435910042
6.711303689123638 5.05552478831956
6.661281417107997 5.04521056009027
6.497320529758696 5.152891536174384
6.189494221486672 5.068401820292538
5.901610408591206 4.959076410811693
5.798270862641312 4.924736250520083
5.593235702403863 4.600403469284739
5.654209685711112 4.471455076644583
5.790413246257574 4.257339872980904
5.674708541513753 4.18615597692418
5.622153555938561 4.404783729166971
5.431714629377627 4.361016376743706
5.438200349077689 4.235061317905814
5.3499368354612225 4.244827746193213
5.512935973797149 4.49794599204479
5.556505218150444 4.578209511648297
5.892106389026497 4.68530026810679
5.997599372748994 4.660531713093266
6.183042414762301 4.825777407730003
6.38560192379397 5.066648989776454
6.654840060812951 5.084652034638513
6.787834849882936 5.2176207663780465
7.035792585954341 5.309213259318498
7.374679914562173 5.456898688408611
7.555646821206579 5.559021154891851
7.567128332492898 5.67445189752338
7.640133975547867 5.739964665922987
7.337323457078814 5.549544008937232
7.122783079914757 5.417332304545092
7.279624233831488 5.416665327680959
7.176448721327871 5.43255990281569
7.220854414883579 5.60678736224951
7.367635157325575 5.754814644676147
7.3583867524835185 5.798478987021603
7.357187033603618 5.985883137797076
7.3253426585659 6.142346235254009
7.629421513437475 6.236388198894581
7.874016086619666 6.28963954883416
8.130994325903478 6.334436797216387
8.184135934432227 6.4418984536646775
8.3190658366012 6.7291472345125545
8.422276140475308 6.6932459168086496
8.39056136868374 6.569955512418419
8.384769599722244 6.482444690060938
8.569159972451809 6.565676154938794
8.6062605404259 6.615626854394121
8.287593878549409 6.458212291090085
8.046682161152727 6.341073693804365
7.659399254238005 6.197782703292173
7.366374291773055 6.156266819295186
7.391588749745049 6.253453549726933
7.527026638320222 6.367355070996263
7.512024107664484 6.190875853131715
7.070224492733649 6.051447129760108
6.780528579949509 5.983803107079078
6.785138975864775 5.946228411882176
7.006163432446888 5.894301801860934
7.323378162601175 5.950340223371673
7.668444097250146 6.055168500234842
7.94736228136705 6.280438361739465
8.072787891205879 6.3617714509966765
8.277624612080933 6.353007624281391
8.070653144637767 6.532563820422562
7.837519089353686 6.313620400625877
7.665730455522541 6.249520915363451
7.745715588535365 6.218054056394241
7.96762229058496 6.264083367517055
7.95561438146661 6.500155038212506
8.144319698471959 6.700969365625967
8.243429137908274 6.786602436268915
8.540893550882204 7.0198493396051855
8.873289397172117 7.0862795944794374
8.86621042257052 7.361754201731184
8.930280363997323 7.3972283172349
9.055228408259122 7.404169977913052
9.513638694983316 7.494485496383369
9.730233539408571 7.859786746142338
10.006478651152737 7.977609867708865
10.246585881474372 8.16483997983171
10.587544409305854 8.095703721430096
10.916220288050699 8.287761325671253
10.933675570289333 8.526318306844402
10.963024425766685 8.504559602732114
10.917707163051169 8.501218705641714
11.129185916732817 8.640655700967741
11.113253287810357 8.437383680186992
11.224808932625624 8.587839186287802
11.58093612889289 8.786357571386498
11.716175799458059 8.68645145034813
11.820078753130213 8.72925432581761
11.87891382019953 8.862107203927728
11.90885509604169 9.04641868166878
11.934802723564172 9.009038973969316
11.951411068217759 8.892653728906605
12.26664284380546 8.857421104146825
12.572604742129126 9.201283404600211
12.730466071912707 9.534260334664213
12.94931487409227 9.884374760385183
12.8180746667109 10.15999482120655
12.750215261522172 10.204085605703586
12.862261929049028 10.360138969839564
13.087556220532825 10.471077405533146
13.386153341405056 10.40713378588969
13.586765985774964 10.446329432085683
13.917042990443706 10.643026446792698
13.998685635362712 10.972842591364484
14.358802934538263 11.028387373546316
14.560207611569076 11.146154556952434
14.856373141118787 11.393251028697282
15.06120505244161 11.646926846718504
15.603915394500877 11.711842942774322
15.889031808416876 12.067136034901013
15.795221327340977 12.176865606296321
16.135395773439203 12.519920703918062
16.281229568334584 12.378633535967715
16.755068532101678 12.402694667421338
16.865915800668876 12.743185165930335
17.110033324335642 12.89213147250943
17.302518064528996 13.009187792755542
17.35354972520634 13.187356326340149
17.499808847886626 13.33326946618395
17.35244435742576 13.4644315990011
17.2799148465895 13.567213262025115
17.355026304303205 13.852170085649643
17.488227534494726 14.168622451574091
17.60847748760084 14.186770966012825
17.66217408480853 14.125787230146235
17.521554809408453 14.02320788224228
17.546346809188137 13.804597506828246
17.61021894526824 13.849905011807575
17.87403146289856 14.055499476567205
18.276208400728336 13.919935888630452
18.290618404433395 14.317714299320405
18.434719211674288 14.41598380044395
18.51485205842316 14.518424694578309
18.771940037595694 14.701384534385065
18.747823110054615 14.46710426310157
19.057650803025084 14.579187239815138
19.473885473002078 15.011210428119723
19.779276312490328 15.042967976003101
19.627099194242934 14.951097232359961
19.754768215445804 15.05222322289182
19.659005193876993 14.896880987764792
19.76580634763108 15.012690543079994
19.757741352244988 15.144649884381751
19.72528116270947 15.332194702191245
19.81343158245165 15.281936766086782
19.80590678671244 15.36349610721827
19.861351461476612 15.486839910673579
19.90395775777967 15.701716223830054
20.1387885322449 15.57125162741147
20.01382115175909 15.580997037701145
19.9755911493517 15.570242438479347
19.979630657289455 15.427728654844776
20.002078445965832 15.2390318228645
20.242882303830612 15.378461070490745
20.161875556535836 15.34262420550593
19.852770271810538 15.345825341796855
19.74520037248406 15.495135077137034
19.8219075204203 15.366470054910708
19.640767767759588 15.183697224099484
19.131258935496625 14.896283300246445
18.740116178074715 14.739817579958771
18.873085490031 14.753630664064746
19.055443071405954 14.758352663862778
18.998481316536264 14.73789129847425
19.26697352202106 14.644599777608175
19.28078704822946 14.816479627556333
19.263017712394994 15.0002140095266
19.13218049022825 14.87999271553267
19.45125084448549 14.89329219291992
19.601303964207883 15.09367151665806
19.74588107066347 15.32938562776846
20.00358485713695 15.336066912763986
20.31860853816118 15.28949876464245
20.38596238323929 15.440191575188278
20.14205248643289 15.504507576034799
19.991826951052005 15.425150397147457
19.785879257590803 15.488142896855797
19.923665723756947 15.5633342968098
20.230615290753125 15.777796507759552
20.125437967094904 15.889315830454258
20.11884619555519 15.912135904458921
20.220943014999527 16.20709578481971
20.377046828438807 16.08698747821933
20.67236257008023 16.2357290768394
20.443800619856034 16.35777047532314
20.394096832355093 16.42856412688107
20.568221936027868 16.34692261834138
20.707900850148782 16.54668200629162
20.494170230476602 16.48523226162407
20.32747891539646 16.459687142763187
20.353230328029273 16.3088009856458
20.34917633913186 16.23288961898649
20.505080518227313 16.284968406556136
20.629172830689836 16.430155323008925
20.89608772044372 16.833597311787127
20.92060741502048 16.98203110171158
21.012973517739205 16.901421694620307
21.056003478925053 16.94562278273606
21.228349841414474 17.120812673264556
21.458506602540876 17.254699415315848
21.250756794970112 17.04651078051566
21.083463804029265 17.244537874029852
21.24244381355431 17.097707744156132
21.332325018483502 17.113786151098573
21.377468705406095 17.498902647770393
21.717861564343984 17.54310369440474
21.647182352922563 17.630075747619145
21.475045572837193 17.592898173852237
21.272991648473933 17.55962881097724
21.492498584231754 17.660185558470427
21.651219467550828 17.83396209185833
21.717175765303 17.556580784863296
21.5395364621819 17.147420890271736
21.24848337879938 17.10843277967837
21.27138600108361 16.891504140932735
21.209679858601877 16.817121834389276
21.10304913976058 16.96694803210688
21.053385285296837 16.929256349512364
20.877178079397762 17.226517441968802
20.59716137707495 17.22672492803989
20.59004330394524 17.051383457979476
20.1718863863216 16.630983434409362
20.07489413510664 16.690729564384615
19.92715002692954 16.73835310997096
19.696100414145377 16.748948849130752
19.526862894392398 16.897843473830658
19.28003406891841 16.663482941667368
18.93629267433074 16.744475315154574
18.90123703181489 16.530692151052754
18.988037854589503 16.483338129941966
19.054583025992244 16.696891920874254
18.896831965482946 16.499397373542717
18.594435579877377 16.593189446992803
18.432209722279907 16.41361596532552
18.33260859036056 16.544733169606793
17.96639798524917 16.289493298744194
17.553157407967955 16.116825052335937
17.08237172072969 15.844046487309356
16.667377314772125 15.543793718225647
16.377057905535963 15.494349723027105
16.490828277150182 15.615859074107421
16.259104549203922 15.8285224557083
16.172779522728558 15.740022652938821
16.054907343356767 15.690099307426982
16.068798546815902 15.405083882625805
16.100692335266817 15.194541793563738
16.076363831648624 15.161336763347547
16.306131194983312 15.121347383229349
16.3093069059873 15.040951786445875
16.125069614744504 15.215337518515875
16.02456751684172 15.154118064245491
16.459097801172387 15.478789452692572
16.526141935027624 15.361323449172353
16.67128528629395 15.668698859707959
16.872926044773628 15.849090798334545
16.89700808756316 15.861249746383447
17.04701058907981 16.046418688187597
17.130560872116213 16.110036452218548
17.363918548297193 16.401211285478784
17.489239489510354 16.39197794169581
17.488353165634766 16.048790803467657
17.257949346291177 15.764726909674138
16.961655074839005 15.427883546004345
16.69869031812113 15.282190416289765
16.49955713178706 15.629409362899132
16.742159699285313 15.501779456362177
16.786620533533615 15.546127116920207
17.16236265473287 15.420664318607107
16.832044618201625 15.230819653674297
16.338211200221256 14.818516048067355
15.690685968562919 14.169012904053961
15.163732670123458 13.63803624233078
15.111591193545785 13.486130610479773
14.949708273191503 13.470996336322761
14.724459568941912 13.483687194985079
14.749179632495752 13.477508234232642
14.92243357724028 13.494810764327612
14.882671600834135 13.498611126643013
14.69719526637758 13.427908699495985
14.364644583935227 13.193362259390135
14.644997480599494 13.109902002694026
14.911399029382931 12.946720359146088
14.543497619686532 12.598590126621334
13.967759532027367 12.154197650986976
13.760903826183444 11.970917745152004
13.363761259348456 11.633139949369122
12.602739164307513 11.386686044219283
12.170951044029788 11.060150153940446
12.198442817021805 10.899388700195987
12.456750404100772 10.843261113190291
12.429633566399794 10.772607470518187
12.624792530359228 10.836184069955369
12.850538234587976 10.800079068499345
12.73247868693994 10.768018112292665
12.539542493573329 10.423692920734933
12.394458313355754 10.152954763253831
12.090877805077678 9.98020733125961
11.608174340258811 9.542410014800193
10.722681065632253 8.938698276195613
10.332962469980574 8.52481875131331
9.920676758162637 8.30060384417252
9.633653680334584 8.015274140377489
9.652960877210804 8.008718672777922
9.755184751377831 7.796574948802864
9.927614295001524 8.129319519855027
10.008176327475924 8.258099726972143
9.589712147700975 7.934343813942574
9.523466578612407 8.020696154796044
9.503170002634247 8.307599150634697
9.732395684814469 8.684031048895502
10.020304831766287 8.689693316426133
10.17672357210423 8.829973521922028
10.437726351073652 8.647610170117973
10.357432144694625 8.978884187853897
10.158377964096461 8.887893979987716
10.201352051268024 8.711402689948176
10.314805982250304 8.872071933823667
10.421429226795016 8.877944383177164
10.539404720719785 8.961993203121313
10.516320262470954 9.02346664227487
10.570670004726804 9.037164192102221
10.371939208880985 9.016442999210847
10.248703987148298 9.02364382863206
10.470729648852794 9.199477343648201
10.554797041034048 9.289375650611744
10.429986649579167 9.290877506134848
9.981889643257857 8.900517159388418
9.476735730701886 8.713941483539914
9.159572130625351 8.515893928011282
9.344851922711483 8.396489525850118
9.535464571619178 8.448690907676097
9.61900706181658 8.468165958563235
9.684201312830648 8.521380892617934
9.56910853175947 8.485720571127995
9.619487137584613 8.338485201592851
9.645592676545986 8.25043444839637
9.651049137706629 8.032852858119922
9.455079537584265 7.75770334783497
9.285473066581439 7.6117210939715605
9.039394165735665 7.0554215781363965
8.430047585564992 6.846782462026232
8.16615454649061 6.780428916203925
8.144221634329785 6.766070781517502
8.163005476915298 6.739958175433837
7.873811639364714 6.754476567675566
7.512277348109063 6.522855041611555
7.398440097887991 6.333407629929814
7.3476809700364445 6.4232901388301284
7.222516476872226 6.342999750293815
7.2109983985448745 6.510237188277764
7.230545044792905 6.571250868887391
7.220936054927311 6.720918222616275
7.631077090877502 6.894876173387969
7.659824304428514 7.023428781743004
7.923881877727434 7.037800878327936
8.052016591843298 7.301110691315416
8.27315246569039 7.426924251177291
8.50453830452345 7.355436506616218
8.594291362942144 7.433200392574279
8.42682201186892 7.3915748215318064
8.398380854656727 7.27226113328921
8.18235772890585 7.059248804062645
7.844789716406856 6.8372628928607995
8.099871421346078 6.720377235202954
8.291944349813724 6.883320058846964
8.43087027823334 7.073748325689163
8.511396510628467 7.193569182369576
8.84936316424783 7.209189353846785
8.997200081418836 7.162526911615962
8.859267364176306 7.280616863729888
8.771181972133565 7.330652382245771
8.844889303126482 7.350644569862122
8.79076793088493 7.223444915072922
8.645394281877838 6.938484705631329
8.52634627991165 6.974585657573534
8.297300264643727 6.907752921647053
8.16775893914564 6.746638793450891
7.832684757814746 6.513018379364322
7.376781128685584 6.380830008251069
7.224417453094966 6.103127170809852
7.160772239828125 6.138087502488586
6.956228945649497 6.008214908657601
6.760483495862347 6.057077015631061
6.849044455820092 5.779647650715675
6.967133745403539 5.661524829693444
7.13230364429422 5.72615191376326
7.353445436399642 5.969601780102167
7.318562160479357 6.452142407492798
7.496884283232293 6.463211378354703
7.497896974783243 6.574386421239931
7.654224327672596 6.582882207574558
7.811011043182212 6.493483153825666
7.992276142153659 6.692097263913936
7.922672037557172 6.793509808905814
8.02368331940141 6.76617469922769
7.839011030362956 6.6318985492505425
7.82881399578373 6.48989227950534
7.726605656690421 6.226349441147981
7.814846220142454 6.28818206023531
7.751297288404775 6.477500351533765
7.838639196721731 6.544097973782751
7.69129990769301 6.605019606686676
7.890838516361802 6.710849757873786
8.105715677788691 6.97838194727144
8.489946987586587 7.223841957799173
8.635098058076805 7.338777570261387
8.686417327173642 7.269358468806559
8.63752899206913 7.311873957677031
8.430142323240515 7.15114220961599
8.396169830240009 7.034436590594305
8.168501967715754 7.0896006816573625
8.089468600852644 6.72924490279541
7.907792931511699 6.4398616762280545
7.840019136265596 6.353664855871457
7.983753535536773 6.304760797068711
7.7505708267300095 6.3876490877122505
7.743805938206887 6.466976329165741
7.979498111773264 6.567568872328837
8.406132451914266 6.557002947121023
8.383116888272749 6.74691934325053
8.113918571264916 6.752631310378179
7.898951405274568 6.455429456580743
7.791473811962338 6.349601783518557
7.9254765605566995 6.496493599698457
8.294078485883523 6.754730030721506
8.50444455581051 6.676400166416914
8.85385652403411 7.106500267783024
8.761519121135475 6.883227197692959
8.73489014420277 7.022896172170814
8.438221869179902 7.005017974109231
8.326672566595802 6.942409062474363
8.271108133020787 7.018700159659152
8.542032322043577 7.030803592301322
8.668430401847957 7.381882833334634
8.9345462348227 7.613132501427898
9.165377379633654 7.866578908074742
9.385436453006966 8.086123463104135
9.716098149256846 8.308073269718033
9.810225301891602 8.599181137145543
10.056806410918007 8.606572690871738
10.3752866930445 8.969293073563481
10.624745871085825 9.003443657896431
10.653468522413554 9.059424486822302
10.830292478084743 8.948983757856118
10.9535086867696 8.993535597454478
11.201991229238393 9.083881473563
11.41880196617051 9.111690972990262
11.085446480205391 9.084031824826301
11.118985212648449 9.090281115496591
11.205813201385782 9.496431220348615
11.382071173283439 9.419697716762942
11.741383926565215 9.780803603065086
11.947942441646912 9.821789144408747
11.750862840810253 9.999840304086618
11.779567259780656 10.123058402165361
11.866750764087975 10.381516282562757
12.12086131393709 10.605091458250389
12.321267183962199 10.810214608254176
12.602594213741133 10.828724656031845
12.744763429801615 11.0083085598286
12.786708346915866 10.969972070783257
13.010833694224539 10.956955758104693
12.923698652576263 10.894757980312246
12.810446581476464 10.808157065576955
13.07409845322377 10.948165833054349
13.539994587786136 11.183615974339993
13.801620410007967 11.287106505540335
14.015067808197168 11.469045120938077
14.18368767961033 11.52106729433117
14.255553510015284 11.636183102387793
14.311870162282931 11.678789995180537
14.279837271940192 11.66430468790713
14.38644680826243 11.630696567199802
14.262695487525402 11.59528152262179
14.242494552391376 11.716111190706107
14.503115896463967 12.015192510873472
14.653515590478442 12.289067516073601
14.610077819448815 12.501145937085047
14.882820231110893 12.805448734815444
14.939226431272159 12.942486186581574
15.180978706721945 13.087399161911327
15.538843470928127 13.18296646079273
15.72800256123179 13.496371145977221
15.911820925269367 13.73711065588491
16.22038641919306 13.944399388619386
16.300512578711334 14.191106357233346
16.81003031124929 14.444090775787377
16.939308178341275 14.615133473220727
17.03498492478263 14.904709119558925
17.054655072109913 14.9000605573076
17.11283040349351 14.919006727333848
17.59382655720091 15.215963898557378
17.713017936710852 15.371472320614707
17.786520836167156 15.54725085466817
17.946527726997473 15.878485866635067
18.020487977166837 16.28055026937167
18.3062395122119 16.253161867854903
18.25531051660697 16.377397181361992
18.620017190790932 16.725045411998256
18.872555308055823 16.825682697935605
19.019137504342616 16.75918208474134
19.097981854624894 17.086200046903553
19.14100143146712 17.066111687838607
19.28045717568739 17.37794745613087
19.582110925129687 17.288533221731917
19.417737833917645 17.059162334484895
19.531649346912626 17.271241476246683
19.69468195932195 17.682553857987738
20.03265236505541 17.92038173967775
20.06702383007207 18.120691182866004
20.361129181111508 18.245026873133188
20.60751589199091 18.616765404419777
20.730172150872473 18.826022693297745
20.933492987083426 19.054493501198902
21.470293758168708 19.232004008871225
21.64541821197562 19.229365228084788
21.714591333482804 19.53482634358402
21.65770779900431 19.47083211741614
21.917198665326204 19.3954180567159
21.663690854877867 19.55293182531689
21.84543225190963 19.578212046087216
21.961985300332763 19.588815172038526
21.91979583586375 19.60254117149103
22.103800363397042 19.56461116452388
22.443781777876556 19.542312279039038
22.21135929086111 19.460823262665297
22.182229168765197 18.959916328097112
21.742536203735106 18.559077752817434
21.73581081551426 18.509967687735514
21.580442766108007 18.394625856846833
21.2950583331064 18.71388569306137
21.474272897986065 18.53853665728817
21.25644110979855 18.381224045484007
21.34773637868823 18.708220862406364
21.50602063848565 19.181111632774027
21.63925830300293 19.37590122235518
21.734705083657172 19.63343047337514
22.068650928397556 19.672953423711682
22.178034650956256 19.795464650946382
22.44408003112335 19.950382069581945
22.52314006127814 20.089386024306254
22.70575256103889 20.039380127533725
22.800986997285353 19.84940435316614
23.06597594961891 19.910580659130677
22.829474874543003 19.84208157978973
22.87193108955548 19.911621498776913
23.10633795153509 20.16382523275129
23.524930812581125 20.407853689001413
23.687002316645817 20.18811449998876
23.65343507720171 20.288585611878048
23.95737695744583 20.216607300145732
23.887166376920078 20.369793445441847
23.872200862216864 20.284213858042147
23.580064240181773 20.36731915640695
23.186036670693603 20.576406671818333
23.125877446601425 20.7679961588554
23.155577476070256 20.83367361682845
23.029107808062317 20.787158983106295
22.929394263846874 20.82782107114394
23.19158739128245 20.477431074293385
23.23269194872562 20.41723042463396
22.860327605055346 20.26906450865147
22.62796226931797 20.541025272408646
22.821113330921172 20.653430075237008
22.646246559589255 20.438264112347895
22.919713267035657 20.257383539501344
22.90406249178078 20.12060329939193
22.66632502658952 19.860086019430987
22.87010293270867 19.839138042295506
22.849313036822537 19.72330776962327
22.851509022254703 19.735367561014588
22.90654825621219 19.53142310487066
22.38230606669924 19.023715319900457
21.920926426407235 18.256421859066073
21.96957618585947 17.930317840223655
22.131008784063923 17.956758412082944
22.266566102432773 18.299263042542403
22.39969088245115 17.960452818215412
22.15494721404859 17.957531119020256
22.265057567702485 18.247297718334146
22.28673851900131 18.20300085832368
22.22948499129733 18.12951017789864
22.089679947398253 18.289663109770284
21.86688167661417 17.952065738268576
21.771911095851628 17.755749662297585
21.8549449792214 18.063253075278237
21.988782146417343 18.251339526302395
22.35219096586401 18.35080528177423
22.44245683677574 18.28445158134144
22.263652544193697 18.394521942966463
22.09445102683561 18.188479956664786
22.12416779363618 18.38549925049628
21.922370927846124 18.37932968401902
21.89221312815816 18.599953524000625
21.973605331806393 18.42000221856176
22.24025127986694 18.44979010280791
22.332571784558098 18.47438685998221
22.596882758401804 18.6797674666988
22.46852752221821 18.395076189810634
22.375315526601963 18.33922060657344
22.230816282216 18.511841384361034
22.176837883998722 18.519974705180758
21.70973037561922 18.372718363084047
21.618063983994897 18.272548942778215
21.590809971276464 18.311109215306963
21.50835405623936 18.212552571619735
21.594343409787967 17.91520382378037
21.44103392553994 17.74227889445364
20.942558043849985 17.329582234099764
20.320178725327818 17.30605451934935
19.973532859675178 16.598006427606887
19.69316239331953 16.374365773752906
19.81192301593716 16.169263214585794
19.514345433991593 15.933057634140138
19.325899099176137 15.576090867386682
18.935086384654454 15.442613819350534
18.82158420917666 15.470362915618061
18.733557364614082 15.70893303630002
18.544900395529556 15.587458628103041
18.118365852652396 15.5348586709156
17.890255337043513 15.528346514771284
17.43568805479742 15.751795468377257
17.541683028664067 15.65990423939995
17.441964480118923 15.24297709764725
17.304441636860616 15.46890282122022
17.379179190820413 15.32391993835869
17.480000210785466 15.477684300345185
17.81393719791328 15.66305749039566
17.859952996586017 15.884607304707247
18.01584151839653 15.977047631356037
18.071334310168833 15.727554972167692
17.95824040819533 15.502589425554406
17.903698863769346 15.625542862495777
17.750409566472257 15.377640475599911
17.73430080064679 15.457252314809464
17.573788787655506 15.308725907124067
17.913864765554745 15.551403553539672
18.13365505689851 15.2879697072914
18.01956223982938 15.47128994842059
17.70969704119041 15.484732213065522
17.550311040549172 15.502895135470878
17.293470887214212 15.358908198392294
17.11017316357196 15.281419168048407
16.905202166202844 15.31283589006282
17.05024789397379 15.181152439782894
17.190440023260468 15.30362888796121
17.085964630308425 15.662596218050759
17.20713418506537 15.804398762886912
17.205079319853393 15.695813940171433
17.263541183120815 15.888152284565635
17.432014026206733 15.811057126600497
17.162265445148805 15.629207319878196
16.579997821461326 15.26230831507609
16.573831616884817 15.222711180543842
16.58692017561754 15.262750293244656
16.452396684764764 15.242541131586874
16.084280327177318 15.021904629517119
15.662952312467466 14.727284243850699
15.34042328814357 14.28721143875732
15.250017296621325 14.094208086480792
15.11686466582208 14.036272015191583
15.244467035959365 13.979076158818586
15.516568999497245 14.07876439031296
15.596919737737716 14.266182482099202
15.215843182500748 14.10524838020055
15.002782106690892 14.02816226127181
14.424668780756258 13.493559636507163
14.083408987261263 13.072782081341222
13.749590392337618 12.780805610955689
13.664377396238391 12.524922306747525
13.35281643726498 12.388093139167848
13.131827070627416 12.232033915799418
12.87173945875853 11.893046535227398
12.595843822581777 11.720392148060853
12.404453405116236 11.811199009072125
12.265034315159282 11.475620411503387
12.013048897551041 11.484238062920504
12.09016297621541 11.438193166677737
12.166378653807842 11.25696047436437
12.323807868337441 11.466435045949828
12.5544052722151 11.477715934273558
12.381902898821995 11.326128421252092
12.131088271732423 11.079995980526586
11.97478624731261 10.687518882100866
11.520822989330085 9.941181878559153
11.048348568548832 9.42413677335277
10.540081777796354 9.014781177231557
10.40321706019858 9.032203677729935
10.525784557136516 9.339593635990576
10.72579899135687 9.733833482496834
10.75848065787863 9.836861633173836
10.5470416503885 9.867415006695738
10.136431085765379 9.529947828373286
9.73663607868976 9.121202457333844
9.885189506374877 9.007272389057395
9.525848644961775 8.716356999263615
9.144205058420608 8.53213176741783
8.517405449338543 8.03252041616549
8.487823239917434 8.22569716946725
8.503350133450995 8.274360529338024
8.634472123366617 8.334977104846093
8.757821412616728 8.590804018109583
8.585174890026174 8.57413584268475
8.743603624458093 8.446078293378436
9.118036480071959 8.435685366510025
9.08791324301139 8.623425501034763
9.160235139552476 8.674292297854477
9.037054354907331 8.451946222154527
9.118960871021878 8.3068051560397
9.075989232166267 8.001494128389563
8.900421594138752 8.016071582963994
8.29933698750603 7.590816961815168
7.692549143132742 7.158002282701069
7.1192762539161025 6.775534337058901
6.854698651102288 6.500011459097664
6.712265633246354 6.637020671212491
6.639219832502095 6.770648604692375
6.517763409499015 6.549397268945279
6.549400664639416 6.538116933718064
6.696697944746649 6.499614174671419
6.748994429083641 6.6502185952593535
7.031235150463708 6.834289717316674
7.0246785903815 6.804257587703139
6.750993248482409 6.69585161811409
6.785658374610871 6.5630063245562695
6.750175897272026 6.501053139043366
6.92649449527315 6.616780429655887
7.075590825082127 6.7385630518065485
7.028699032687164 6.8733257780672385
7.111765729226857 6.95748891261056
7.040914856582133 6.979610806439253
7.1300943396277265 6.980035325977733
7.470397803712803 7.17113690856609
7.7931901299250885 7.348500603440544
7.9375640176683815 7.322997848517771
8.185916785727418 7.485886370237621
8.484945495068393 7.658895290175426
8.941242607119593 7.886469607660512
9.264816483435556 8.279615832332135
9.326740984211225 8.561281584177555
9.527240219783492 8.687778972439373
9.356807790112864 8.180680405473433
9.320525047466349 8.084346267256526
9.143160853631658 8.080042793677803
8.811229249610511 8.012721455489784
8.451761176881778 7.8301094280061605
8.17236628593885 7.382953799767525
7.864868905595918 7.181678087256517
7.716510516982161 7.236765530831453
7.61902102787705 7.1877347112050245
7.648719628091742 7.028715460905382
7.566870306177634 6.9752501777413976
8.095198086433866 7.1553024665527865
8.496103091856419 7.162321414886126
8.639472709031109 7.154542887660847
8.482455106201094 7.06135691693109
8.519406501499079 7.115707584306447
8.613532802766663 7.07506568509471
8.723968161892964 7.294129927766301
8.808737475069018 7.588767530055052
8.699013791841566 7.493546470137197
8.642133903214415 7.477882363780387
8.538325980605011 7.588594594329327
8.45343218862579 7.433998236119381
8.406885661124898 7.455292517208176
8.328862679741668 7.266361372365532
8.901497519388363 7.570332500164571
9.25132953676672 8.069686879836771
9.296743223263505 8.345634744349415
9.713858174505818 8.368835660667044
9.89380805259521 8.684538685082316
10.32040905158649 8.879744910320559
10.329220041174997 9.010148891992337
10.01940982972427 8.771329265570225
9.589293140663347 8.626415958023719
9.004138627935504 8.181143285983785
8.634007678654818 7.767537849993175
8.513082877703733 7.610989657117255
8.509213364934505 7.648790603690745
8.630368760040376 7.951508457122796
8.854938523472613 8.185519738604702
8.947798080226532 8.315090431340346
8.95415811258007 8.076839108274577
9.0334833536478 8.121830400576389
9.230265255730059 8.158806502610501
9.449426442334982 8.15316577581074
9.338939356925689 8.228007445427195
9.123361869309708 7.99778386513292
9.28774765035008 8.076719671488599
9.268726743882711 8.257490486511497
9.633720071223724 8.508666925729695
9.514241972431066 8.474007639578804
9.765517037324408 8.649680203373181
10.27713035425395 9.012434396864089
10.604680551667752 9.445627545301571
10.743682061468819 9.552553124570004
11.122386215920637 9.578688908975959
11.252585950134613 9.535895415966623
11.489772408809673 9.561460417972093
11.620834150405745 9.775688231958092
11.478652872277102 9.628934055618119
11.238599878294487 9.5624915893085
11.327817717659777 9.531653675631178
11.290544955243563 9.895360842046795
11.751261081700273 10.008005525271987
11.981458630651476 10.210775050464001
12.107727473985994 10.257796839585495
12.3491391985466 9.856845258615762
12.39499316154914 9.9463779101666
12.176845109680503 10.168038819252022
12.13503516968315 10.129230807154437
12.36962181644361 10.160343872065908
12.052368785372606 10.069613416919534
12.357741666921129 10.175514188516795
12.37262774163758 10.357111363053392
12.590891215404959 10.651244329264868
12.832721991580065 11.131691700726929
13.14030265276449 11.403189968398456
13.557157292379804 11.511466849607263
13.799297309623658 11.43441143380449
14.104625635322133 11.346569055051622
14.544030777499472 11.60493603339699
15.025460483690159 11.96481309209977
15.425655246755166 12.410464374546633
16.04666628861862 12.966791694984934
16.76354642599223 13.377011900877438
16.963259011619716 13.669724491895835
17.254915926593466 13.738121829146356
17.305276830489415 13.714951416575923
17.203425576346817 13.71495981719976
17.04971023158164 13.927178667108764
16.964173746916302 13.998442093365377
17.259544465599756 14.192394803194988
17.402290384217586 14.293991265293842
17.551520957139747 14.143365660855475
17.694492171844402 14.218136481260638
17.44454592869113 14.30919265415343
17.307797515037706 14.56184887208101
17.521170538824016 14.674424164363321
17.625658521350378 14.727899406959684
17.820127941418754 14.488851432979029
17.91900697448245 14.258679143558082
18.154566408204506 14.262166699954266
17.854324921918614 14.318098960220906
17.583344883972394 14.217698646496803
17.339325549723736 14.181948274517014
17.143423844058756 14.133642477564123
17.197820523523784 14.30831044868577
17.529895379177336 14.500513260601087
17.84907102548214 14.85972366651231
17.99761292835801 15.008426428917327
18.319471054149172 15.009956766350367
18.366341680224785 15.002251649694323
18.345813512293606 15.14512529328229
18.681836174545097 15.197700510932677
18.575928294103743 15.165603596579045
18.622544499430443 15.342568812006993
18.666911817289797 15.622096511968577
19.043481897529446 15.594470012815663
19.436273085442775 15.720488154218742
20.005767305652565 16.04221519585347
20.234349710467576 16.40253674722409
20.51282396894365 16.694306675308816
20.67921717851992 16.7098730307278
20.758316539654142 16.750674799047385
20.782945723008282 16.91597234425806
20.842640795576553 16.678465252746665
20.68225508843502 16.910351875984965
20.307021353342265 16.756375032126627
20.213036691152016 16.76953903140693
19.999117506357837 16.55250783208857
20.20815066418074 16.784375811719578
20.348337854154906 17.009455630594537
20.66543333268025 16.754013838101283
20.63495183952263 16.764321240775207
20.675496962871236 16.816192390532915
20.92368944146532 16.990518326096794
21.040801309713416 16.96767893482021
21.056573097101918 17.49394405431561
21.144779553251784 17.67559527078818
21.243794525597103 17.901665335762484
21.054067953122377 18.148986498340125
21.20872493031709 18.542212611487404
21.428924932314946 18.5181156719043
21.41765114249612 18.630407212246677
